Итерация i=0, j=0: 1 5 6 3 2 7 5 3 1 8 9 
Итерация i=0, j=1: 1 5 6 3 2 7 5 3 1 8 9 
Итерация i=0, j=2: 1 5 3 6 2 7 5 3 1 8 9 
Итерация i=0, j=3: 1 5 3 2 6 7 5 3 1 8 9 
Итерация i=0, j=4: 1 5 3 2 6 7 5 3 1 8 9 
Итерация i=0, j=5: 1 5 3 2 6 5 7 3 1 8 9 
Итерация i=0, j=6: 1 5 3 2 6 5 3 7 1 8 9 
Итерация i=0, j=7: 1 5 3 2 6 5 3 1 7 8 9 
Итерация i=0, j=8: 1 5 3 2 6 5 3 1 7 8 9 
Итерация i=0, j=9: 1 5 3 2 6 5 3 1 7 8 9 

Итерация i=1, j=0: 1 5 3 2 6 5 3 1 7 8 9 
Итерация i=1, j=1: 1 3 5 2 6 5 3 1 7 8 9 
Итерация i=1, j=2: 1 3 2 5 6 5 3 1 7 8 9 
Итерация i=1, j=3: 1 3 2 5 6 5 3 1 7 8 9 
Итерация i=1, j=4: 1 3 2 5 5 6 3 1 7 8 9 
Итерация i=1, j=5: 1 3 2 5 5 3 6 1 7 8 9 
Итерация i=1, j=6: 1 3 2 5 5 3 1 6 7 8 9 
Итерация i=1, j=7: 1 3 2 5 5 3 1 6 7 8 9 
Итерация i=1, j=8: 1 3 2 5 5 3 1 6 7 8 9 

Итерация i=2, j=0: 1 3 2 5 5 3 1 6 7 8 9 
Итерация i=2, j=1: 1 2 3 5 5 3 1 6 7 8 9 
Итерация i=2, j=2: 1 2 3 5 5 3 1 6 7 8 9 
Итерация i=2, j=3: 1 2 3 5 5 3 1 6 7 8 9 
Итерация i=2, j=4: 1 2 3 5 3 5 1 6 7 8 9 
Итерация i=2, j=5: 1 2 3 5 3 1 5 6 7 8 9 
Итерация i=2, j=6: 1 2 3 5 3 1 5 6 7 8 9 
Итерация i=2, j=7: 1 2 3 5 3 1 5 6 7 8 9 

Итерация i=3, j=0: 1 2 3 5 3 1 5 6 7 8 9 
Итерация i=3, j=1: 1 2 3 5 3 1 5 6 7 8 9 
Итерация i=3, j=2: 1 2 3 5 3 1 5 6 7 8 9 
Итерация i=3, j=3: 1 2 3 3 5 1 5 6 7 8 9 
Итерация i=3, j=4: 1 2 3 3 1 5 5 6 7 8 9 
Итерация i=3, j=5: 1 2 3 3 1 5 5 6 7 8 9 
Итерация i=3, j=6: 1 2 3 3 1 5 5 6 7 8 9 

Итерация i=4, j=0: 1 2 3 3 1 5 5 6 7 8 9 
Итерация i=4, j=1: 1 2 3 3 1 5 5 6 7 8 9 
Итерация i=4, j=2: 1 2 3 3 1 5 5 6 7 8 9 
Итерация i=4, j=3: 1 2 3 1 3 5 5 6 7 8 9 
Итерация i=4, j=4: 1 2 3 1 3 5 5 6 7 8 9 
Итерация i=4, j=5: 1 2 3 1 3 5 5 6 7 8 9 

Итерация i=5, j=0: 1 2 3 1 3 5 5 6 7 8 9 
Итерация i=5, j=1: 1 2 3 1 3 5 5 6 7 8 9 
Итерация i=5, j=2: 1 2 1 3 3 5 5 6 7 8 9 
Итерация i=5, j=3: 1 2 1 3 3 5 5 6 7 8 9 
Итерация i=5, j=4: 1 2 1 3 3 5 5 6 7 8 9 

Итерация i=6, j=0: 1 2 1 3 3 5 5 6 7 8 9 
Итерация i=6, j=1: 1 1 2 3 3 5 5 6 7 8 9 
Итерация i=6, j=2: 1 1 2 3 3 5 5 6 7 8 9 
Итерация i=6, j=3: 1 1 2 3 3 5 5 6 7 8 9 

Итерация i=7, j=0: 1 1 2 3 3 5 5 6 7 8 9 
Итерация i=7, j=1: 1 1 2 3 3 5 5 6 7 8 9 
Итерация i=7, j=2: 1 1 2 3 3 5 5 6 7 8 9 

Итерация i=8, j=0: 1 1 2 3 3 5 5 6 7 8 9 
Итерация i=8, j=1: 1 1 2 3 3 5 5 6 7 8 9 

Итерация i=9, j=0: 1 1 2 3 3 5 5 6 7 8 9 

Лог сформирован.
Thu Mar 30 23:41:36 MSK 2023